929
2582
-1440
-4861
-1467
2921
888
-952
636
3826
-2066
3037
-3663
-3181
3498
-840
4092
3389
1462
4971
-1480
1020
485
3859
-429
-514
2086
-2423
633
-2477
1970
682
-4634
-3529
-2743
3819
-2095
-2057
1606
-885
-2572
-2777
-3874
-3731
-3966
2678
-3541
2388
-1633
4213
-4569
2077
2511
560
-3720
-3153
4266
-4004
3617
4526
1161
2015
-1999
22
-1751
-1595
-4709
-1472
-4899
1217
3782
1043
2251
2180
556
-20
-4193
-4733
3411
-487
935
1316
-3684
1328
-1507
889
4394
1493
4204
-1137
-894
-1753
-3514
1660
-4451
3721
-2759
-540
1524
4805
-197
1277
2421
-305
-459
338
-3163
-2994
-4381
867
-4655
3764
-3131
-4935
-1167
-2920
824
856
3471
1845
2584
-3211
-3527
3415
-642
396
577
-89
-2706
228
-4558
3509
-466
-139
988
3882
-1736
4175
1144
-171
-971
4425
-3585
-2959
2534
-1230
218
946
-2258
-779
-2953
3618
201
4302
157
2853
1224
-909
2709
-322
-3210
788
-918
-2178
-1557
2401
4928
-3826
101
258
706
1516
-789
3051
1598
-2014
4897
-1589
-4949
-2180
-2567
790
-987
-4035
1094
-2582
3911
-3192
1457
582
4998
-3819
3175
1449
2749
-2898
-2730
2510
-2263
-3409
4057
4117
4299
1318
-1024
-4434
4241
1863
3794
2720
-2219
-1079
4917
2234
4027
-82
3875
-2864
-2657
1192
2451
-286
-827
-865
-3645
-4551
-2879
3528
-3111
-3909
4353
-2341
-396
864
2799
2755
2612
2272
3008
-1227
4911
-3001
2038
-347
-3146
3013
-1731
-1248
712
1105
-1318
-608
-812
2862
-221
-3824
3691
-2695
-1902
-4927
2187
-4675
30
4122
-1474
4398
3551
2062
1308
-3914
-3633
-808
518
-4677
-4011
3324
4467
3603
-2724
-2124
-2161
2120
-1556
4346
2884
4096
830
2917
-1514
-1833
1534
-1081
1790
1583
3922
4419
-814
-4282
-1789
3649
4900
1854
1928
161
-3681
4397
-2198
555
-2675
1683
-3118
1979
2080
-1898
-2944
-1737
-1394
127
4650
-721
2743
4939
-505
3280
-4198
-1020
244
1279
581
-3073
-4506
-1355
-1782
3047
3985
-2552
1014
-3771
2748
-2930
-2121
-2481
-3894
-2692
-3579
160
1674
-3573
-2858
-43
1701
-3549
755
-1896
-598
-652
-819
304
703
4453
-2667
-1969
1994
-2550
-2242
2465
-1386
146
1037
-4250
-1548
900
260
-1784
4996
2194
4388
1995
-298
4194
1719
4809
676
-4481
-3040
239
-1412
4679
3607
-3815
1789
2331
4577
4766
387
-4015
-1490
-443
3418
-1827
-1282
-3965
-4195
451
804
948
-1582
2662
-4964
-2905
-739
1603
-4474
1757
2736
1614
-764
-4814
-1517
145
4549
1071
2654
-3278
-4493
-4600
4003
851
-963
2275
78
4668
-2999
985
4220
-1233
-3809
593
-4760
131
2348
1908
4609
-1351
-4194
3229
3597
-1266
3493
-2248
4821
3393
1515
-924
3790
868
-1311
-3758
-4684
2043
-3590
4906
2981
1496
4360
-2074
-2760
-3743
4744
-3112
-786
4160
-47
-4088
2710
-2016
-109
471
-3371
2524
-4475
-3130
3523
-845
4666
2560
-2205
-3454
4465
3502
-1204
-3285
2448
-97
2826
1169
4541
-1185
1733
439
4100
1225
-3528
3870
681
490
3241
-4394
-302
2296
4449
-2727
3522
-374
3218
-3357
-2473
2630
95
-1015
4188
-3440
4065
2232
-796
-4371
-1232
-3984
3118
-2072
-101
1537
4005
-900
3885
-3568
-592
-4629
4780
-2130
-4066
-266
-2721
1311
-793
-4500
2259
587
2994
-2518
-1222
2325
-3854
912
1558
-1601
1630
2014
295
4193
-4739
4707
-235
236
-4118
2269
42
-2249
-2852
-4089
-2109
64
-226
2925
4761
520
-340
2638
2103
-4031
-1187
721
416
-1880
1002
-2513
1803
-344
-1769
2518
3158
3285
-2731
-3772
-1397
-362
-2287
-4707
4291
4356
-2043
-3723
-4896
-2987
1289
-2215
358
689
-4050
-2482
4815
-4139
-178
4498
-2882
-1184
-458
-4267
-1563
-1786
2032
1394
-3081
3336
2838
4186
3700
2044
3757
2682
-85
2811
-4420
-3672
-2511
-2894
-2049
-1099
-1521
-3091
-4499
2403
-3652
2352
1677
-2365
4703
3473
4619
3312
1429
-3766
-2391
-1153
2596
-4216
3855
746
1048
-743
-1074
-847
-3668
1406
-2796
3836
-1767
187
1732
4727
4890
3431
2170
3017
-4430
-4621
3078
-544
464
1929
-2868
4802
-18
-2417
-4992
-2782
4641
-3576
2892
4983
-632
3401
2752
4860
-886
1802
3521
-3607
503
-2855
4361
-547
-442
-4640
-4313
-249
3689
-2514
1931
139
-3070
-2996
2432
3494
-1904
-12
446
-4763
1315
3748
4616
4817
-201
-778
-1858
-4131
-3380
-3968
-1630
4163
787
-3185
3552
965
2987
-802
4123
-3035
2947
-372
2989
-1464
-391
3169
3059
3788
-3986
-2701
534
583
3154
-4190
-714
2492
932
-4891
1548
-519
-1997
-1434
-1453
2307
-2825
1691
2661
-1142
922
-3082
2149
-2723
-3751
-2633
4903
3247
605
-3530
3287
-310
800
-4067
-1860
2447
3693
2845
-3673
981
-4321
-600
3745
1324
234
-2819
-217
-1989
278
1966
-1795
-3429
-2387
-1881
2857
2281
4319
2825
-1067
1637
-58
-4285
242
307
1341
1251
1760
-890
-327
4578
-1238
-4331
-2729
-2708
-4468
-4704
-1725
3878
4675
-4348
-1242
3121
-2798
-2398
-1193
3387
-3813
792
3025
4079
-3312
3106
-2793
-555
-3973
-4415
-3216
-4945
3326
-1899
-4259
-1851
-2113
3804
-3252
1451
180
-3754
1042
-2071
1852
611
-212
-2451
-2405
-4753
-3739
-4897
2238
-4238
-1816
1034
274
3308
4307
3451
1410
-3861
-2384
2365
1953
-2015
2708
2457
-1110
4317
4943
1067
2680
-4350
390
-590
-1690
-3994
-3879
-1312
3677
-4906
763
2924
881
-2586
1955
-2429
-1961
-4938
-1262
4327
811
-1315
1488
-1830
-1040
628
1397
476
-424
974
2265
2840
1504
-2111
-4537
3172
-2720
-2498
-3699
3554
4725
-320
-1504
767
-2449
2585
-3459
915
3580
-1728
-3200
4801
4438
4422
-3701
-2955
2278
-4672
-3841
3530
1248
3249
4126
-1190
-3470
4587
-4708
-747
2699
1369
3706
665
-3388
2728
-1509
2784
2854
-749
3845
3221
-2961
2829
3791
3802
393
-4532
727
-4081
3844
-512
1669
4264
2908
2641
618
-366
-4727
-2312
3042
4575
2231
-4941
4978
1536
3182
-1735
-854
-2625
2798
4103
-4151
1442
-1774
2575
1888
-3028
-923
500
347
-162
-1671
-1313
-3234
-4770
-1518
2891
-2160
-3713
2035
1163
-4995
-3092
-1410
-3321
-1933
-1820
-4288
-4378
3363
4162
