2210
-2518
2335
-3648
3733
-2971
403
2181
4324
-2120
-619
4406
-4164
3039
-4723
968
3157
-3466
1897
569
-4116
-1986
560
1700
172
-3640
3049
2831
3815
-2974
-610
-4385
-306
-4675
-4486
-1854
199
3207
-260
3271
-2058
1148
-2242
-3836
140
-2630
1723
-4421
4085
4113
4131
3112
-3662
3819
-579
1948
4960
-3759
2336
1642
276
-528
2917
1655
4945
-4065
1239
1588
-3045
4235
2002
-3328
2539
4380
2344
-2409
-516
865
2349
-393
2531
-4622
-3345
-2878
1643
-1511
-2710
-3674
836
-2438
2386
361
-93
-3642
2810
-1425
3960
318
-1115
3852
-4083
2367
-232
-4660
-2838
4631
2348
2865
-2641
637
-383
3265
2903
-369
-4239
1769
4857
-2206
-4243
-2372
3343
-4908
622
-3878
-3936
-1594
3026
-4783
-1170
-4286
-2014
-4113
2883
1577
3579
-4222
-4559
2440
2165
4308
1861
1410
3491
3577
87
-3960
-2766
3532
643
-585
4008
1694
-1672
4359
704
-2502
4974
2937
-1879
-1247
-3814
-1407
-3714
3084
-1230
-3757
-4377
350
-248
-3559
153
2975
2326
3325
2309
-130
-1138
2479
-2382
-3752
-3828
4063
1486
-4056
3652
-1379
-352
-4868
630
-2186
-1542
-3739
-4746
1
1111
-1073
3615
1059
1155
-34
4450
4146
-4808
-1439
1706
-1817
2550
3367
4556
3776
870
2032
-2991
3062
-3818
-2678
-3910
2893
-708
-4975
3179
3571
-1949
3156
3893
-3859
-2688
549
-20
2239
-2468
-560
-3596
-1187
-801
2482
2732
787
3239
108
1333
2955
-750
-684
-1608
-60
-2806
2502
410
-1428
391
964
3872
2510
-125
4076
138
4383
1657
-91
-672
-1959
4397
-3605
4585
1854
3711
2980
886
2761
1581
-3375
-1248
4807
2769
4737
-2181
-3549
1356
-2664
1537
-2507
451
-895
-1930
-643
-4929
3205
814
1893
-3128
1160
-4495
1125
0
-4771
564
994
3702
1637
-797
-4435
-4221
-2116
2518
-2692
2291
-2677
1582
-3339
-2888
877
-3580
-3677
-715
-2330
3111
-4513
-4455
-3422
-4501
4707
2166
-3682
4680
-4581
854
-4838
-3632
4212
-723
2601
874
-2015
4382
-720
962
1996
2859
-1820
-2887
54
-128
-777
-1845
-3680
3888
-1275
-1774
4918
-3761
-117
294
1296
-1587
-1864
2528
-2854
-2753
4186
-2845
-4674
2652
-3346
2275
-4130
-3711
-2680
-825
-3212
2455
-1043
-876
-2459
-3562
-2837
-571
-1337
2212
-3034
-1815
-2695
-3578
2554
-2589
3641
-1338
-3803
-4511
-3477
-2331
142
2366
-1780
-2177
-4757
-172
4831
4243
-3351
-1711
3044
1475
-676
3721
1381
4296
1394
-4277
-581
2977
521
1593
-460
-4911
705
3149
-4045
-4553
-3081
4561
40
-2893
-4636
-2683
-100
-3257
-1000
-1664
3125
4091
-389
2507
2718
-2378
2538
2824
-2295
-4774
-4186
-4569
2760
943
662
2515
-2217
2060
889
-4614
-3023
4588
3770
1452
3195
2704
2901
1594
-3536
-4439
3906
4165
-3279
223
3908
-1249
3758
-1320
1779
-2439
-4263
-692
2312
-4028
-3319
1764
2127
-2342
4801
-1434
2540
-824
2173
4931
-1637
-2321
2194
3185
3375
-659
-953
1075
1234
-765
-793
1835
4024
3712
1938
-3553
-3195
969
-3870
-2691
1453
-2052
-4724
-726
-1072
1451
4514
2450
-3874
-747
-2145
1759
-2877
2661
141
485
-822
3150
-2637
-3956
4053
596
-3485
-3898
2738
-264
-3017
-4318
-4335
-3161
-1632
2187
3075
-4163
-3737
2364
2773
4446
3427
1016
-3006
677
3762
-4373
-3614
2617
1184
1044
2716
2967
-4346
-2950
-820
2177
3826
-803
-2152
3713
-2728
546
1680
3782
3549
-936
-3305
3103
3435
2196
2563
90
111
676
-1666
1382
2208
3860
-4006
3623
-380
-4931
-2240
2169
-4292
3663
385
-441
2021
-906
-1036
1981
991
3261
-4371
-1897
-1464
-1063
2343
3307
1795
-2461
3341
583
-2512
4415
4760
-3112
1742
847
-1294
-3479
2788
-2717
2361
-3591
-2742
1962
3124
776
4795
935
-4264
-4552
-3015
990
-2401
2733
-1700
-4743
-3795
-1290
2369
-4060
1032
-146
4002
-814
-470
-698
-4882
3516
311
-1675
197
4734
-2319
4772
3439
2140
3874
1849
-1509
144
3373
2584
-298
-4949
-2585
-4895
-338
-2109
-4309
2791
-998
574
-3606
-302
-2019
-1097
1068
333
-3876
-4948
3248
-3416
-1408
-3243
-2283
1225
-291
3088
1905
143
-3718
2746
4847
-1515
-3586
-1321
-3204
1069
3134
-3407
4197
4555
-3224
2496
-1291
4491
-2801
3476
997
-4682
-4360
3440
760
3501
3259
3164
-2406
476
2137
-1595
2031
4348
-2093
-132
-969
3421
-4296
3286
3625
-4582
-1554
2764
-932
-2365
4632
-3894
112
4793
-4436
2672
2171
-1598
-3811
1513
1283
3404
2577
3338
3588
580
-3457
-1450
2115
-2703
-473
-3564
3010
-1122
-2671
-1021
-929
1117
-406
-3253
1843
2736
4231
4692
2411
-3008
-3577
-4745
3392
4708
2636
-4023
-4466
4366
-3373
125
-2894
-704
-1196
-956
3866
3956
-1144
2886
4127
-216
3725
2
-4714
-2551
4647
-1754
4065
-1980
4906
458
1245
-3238
2197
-1827
4402
4232
4016
3329
1784
3923
-1650
-332
3886
3358
461
310
4095
-1848
-2563
4233
2130
-266
-774
-3360
-4577
2891
-150
-1988
180
1399
-3929
-1772
343
-1710
304
2877
4203
-4885
-3361
1514
-4076
4729
3707
-4359
-668
81
-1121
-4680
-1308
-76
1228
-977
4554
4294
-3002
3194
2866
-3154
270
-2605
-4089
-1851
-4128
-1886
3932
-688
892
-1784
597
-3406
279
-1614
4581
4204
-4615
-3647
3388
2694
4919
2156
563
1218
-2774
-4505
-1302
2376
1781
-1751
4964
-2126
1575
-2055
-3533
2804
4439
-2981
4814
-1665
2541
134
4630
-3597
-2759
4594
3887
4180
-2718
-3088
4858
525
1934
1985
1426
-2937
8
-237
242
2295
2150
65
30
-1732
4458
2351
-358
-3893
-4123
4168
2456
2679
-1240
-5000
-3315
3820
-4247
3285
2377
189
-4085
-2028
-2045
1940
-3474
-3540
2119
1049
4903
-4038
1236
-4018
1638
4327
-3135
731
-724
-222
4522
-4893
3651
4275
-4394
-3179
210
4715
-28
-3909
-3366
-3581
-2791
-4325
810
-3798
1664
516
338
-3620
-3126
1838
2815
3914
-4853
3533
-3604
1130
-2769
53
2979
-149
3391
-4110
-286
3218
-3234
-2809
3138
-1760
-2921
22
-2332
-3654
-2113
2259
-860
-4995
240
-1467
2247
303
2924
-2179
-3575
4536
-2562
1056
-1766
-343
4803
1710
3253
3788
-2460
2474
1527
1524
-72
4576
604
-1152
-1354
-2973
2795
-45
-1747
3006
-2442
-1740
3994
-3947
-2089
-717
-434
-1560
2599
2153
3320
-2416
-1293
4387
1297
244
1397
-3012
-1933
3568
4816
-4535
-4412
-2972
3264
-870
-1070
-3188
3431
-1383
-4666
-2275
1315
3466
4597
-278
4938
-4456
3379
-4441
-1159
1632
-4530
302
1230
413
20
3053
444
-3732
-4522
4261
-1841
-244
-2146
147
3456
3123
4609
2081
-1384
-3157
4117
-3983
522
-1334
-4573
2751
-3266
-2292
1497
354
3736
-2255
-2925
3001
-2882
745
-3502
1549
-324
-3756
-3042
2298
2465
-3858
3108
-1657
2501
104
2405
4825
-4471
2044
68
-3755
1865
-4150
2108
-1804
3146
47
3671
-108
-1189
-490
4000
4344
169
3685
3474
-4330
-1834
2625
1409
3145
3541
1293
1916
-3146
3935
1318
1079
4889
2686
4640
2446
3186
1428
-3038
4978
-2415
2282
2504
2461
-3745
473
4616
3163
-710
-3572
-2393
4350
1017
4284
-3221
1668
4655
3566
-2241
-2730
-185
-504
-2062
4941
-4905
-3602
1651
-2737
211
1620
3299
-3066
-995
1933
542
1104
3434
678
3585
517
251
3792
3090
1248
4599
1153
4619
4345
-1868
4727
-552
-2617
2303
2432
1997
-2325
3258
4963
-1504
-4775
-4547
4543
-1433
-1032
-3111
-1393
2037
3660
44
-3884
4256
-1559
-1593
-2422
1143
4540
-4275
-2698
3089
-4046
-1521
2634
3386
-4355
-3543
3681
1606
-4996
3608
-2542
3087
-3505
3965
-3951
804
-2090
1175
-4024
4673
-680
-3488
1322
-304
3344
1137
-1730
4029
1521
-2775
-2484
3101
4537
-1873
4759
-214
339
352
-1034
4301
-2412
-4787
94
233
2103
86
4849
-4406
4411
3992
714
4048
2104
-3970
3774
-526
-1811
3181
435
-1979
4108
4304
816
-2100
4571
4083
-1473
-3199
-3773
-2237
-1853
3137
-3186
1357
779
1924
-1641
1292
3233
-3548
4172
-64
4445
4867
3390
-2373
-4468
-4587
-2053
-2747
2408
-4343
-3174
-1533
-2682
-3661
4518
-4090
-3953
798
-167
-3435
-1309
-738
-3177
3256
1761
3155
-1821
-2389
1748
-3873
4624
-4637
-3117
3471
-4801
-1128
-4114
1647
-14
-4980
-809
-1535
-4384
793
-3515
1113
-4190
-2061
-4983
3682
-4124
-1773
114
2904
788
-4088
-3461
-954
518
-4772
-1640
-2514
-4361
1942
3674
-812
-4785
-686
-2199
-1796
4881
-3303
-3338
4229
-1968
4765
319
-1644
-1870
1532
2676
2109
664
-4033
-405
2706
1438
-1335
-3750
-611
757
2357
-239
-2496
3655
-575
2511
2076
4384
1899
1957
-2780
-121
3590
4230
4870
1658
4412
1123
-3027
-534
-2429
2154
-3742
3202
-147
4128
-2560
3450
1181
215
-1113
4517
-2371
3309
-44
-1528
263
-693
-494
-653
2094
1973
-599
262
-4005
-2127
2860
208
-3989
-1429
2240
2846
3581
1363
-287
2266
2421
4490
2489
1380
1454
2508
-4941
-101
666
3231
-1998
2122
-3514
3704
-628
515
1393
1811
-1074
4068
-1011
1813
-3399
-2709
49
-4659
4766
-751
-4585
681
34
-319
-3832
-2337
3907
4258
-68
2264
-2665
275
2394
3563
459
3412
-1374
2525
2714
-1325
853
2849
3595
-3046
3768
-2494
-3977
4055
-4016
2638
1005
1930
3954
-557
-2085
3363
-1090
3382
4321
-2041
-3393
1624
4356
2085
4489
-4137
-1781
1172
-1567
3502
456
-1119
1237
615
2095
1257
3975
-2034
-1931
207
-3812
-4603
4021
3
3254
-86
198
-493
-3731
-3273
-3281
1846
528
1396
1641
-3060
-462
-4131
-1962
4158
2310
4724
772
-3453
3139
-3588
-2762
4789
1555
3247
-4390
-3657
1224
135
4114
1168
1559
4421
1251
174
4845
-2234
88
2030
-1402
-4012
-3291
2693
3864
2018
-39
-3529
3453
4824
493
-3217
-3753
-3354
4014
424
-759
437
3176
-878
4267
-329
-2979
-4679
-1300
271
-896
3970
-3394
-3124
1090
2816
4263
-1298
679
-922
2971
4040
3058
4015
-4556
4201
876
269
-4051
3941
-966
-4182
4925
-4096
-4032
2938
-181
1821
-3071
-4877
2403
-1251
-4396
-3771
702
-3895
-4450
869
-4308
-2702
1747
2585
-1148
4914
-294
1495
2272
1829
-1631
4516
-4215
-3948
1789
-1977
-1195
-4332
-3475
-36
-4572
2884
2982
3002
-900
3296
-1955
3865
-2433
2315
496
-1486
-1752
-3005
-277
-13
-1356
1301
619
3930
-1512
-4035
875
-1094
-512
-4964
-414
2226
-4638
357
-1362
-371
2415
222
-1273
2141
-1510
-831
-202
-438
-4654
-4942
1036
-3622
3229
3559
746
1591
-728
-4976
2413
-2343
-1056
-3184
4856
-4316
-786
-2529
1774
-3408
483
3578
4532
-2105
4713
1682
-1717
2723
-2667
-4481
-4376
-1738
-2988
-164
4798
-2096
1552
-4027
1737
2604
-1378
-758
3831
-1628
733
115
-1691
3187
-913
2052
4414
-2732
973
1464
-3484
802
2545
-2668
3098
3095
-2009
1163
1525
-3251
-4578
3276
3614
4833
3100
-1603
-2369
-1518
-259
-3450
2313
2802
-158
-2515
2775
-4034
-1266
4273
-2498
1679
89
-2663
1004
1157
3761
2820
14
-705
-1590
-2723
479
3438
-960
-429
-2700
-2122
2099
-2752
-604
-4871
-670
-1971
2789
3963
-1173
447
-4261
480
-4887
245
2020
4981
-2910
2870
-2443
-4541
-2915
-2420
-4210
-2532
-921
362
-254
-1084
-4207
-92
-1702
-2535
-967
-2266
3272
-3965
948
-3825
-851
-1262
3657
-2729
4877
-2163
3448
-4462
13
-3669
-689
2632
3827
-2082
-229
3485
-3998
-2860
4682
-2302
-764
-852
-424
-363
488
-1215
2283
1691
-544
3463
-6
-1769
2514
3582
-2185
2755
1238
2172
-4285
1615
1586
-827
558
-771
-1341
-4824
-270
2596
-1974
3881
1999
-2612
2976
2213
3113
-4889
3119
-1625
-4946
-3908
360
4084
1316
3998
-2575
639
4010
-1818
-989
-4030
-1993
-2690
-3981
621
2340
-3057
4744
632
-3875
-2046
821
2407
-1549
-1047
100
-2982
803
920
-3245
-3222
-1004
3924
3580
2254
2145
434
1550
3498
2721
-157
-4639
-1659
227
4732
-261
-3942
540
-631
-4951
4455
3637
-790
2536
1684
-1872
4181
4047
-975
-4340
4388
-4080
2144
-2081
-2834
3443
3966
845
3162
2590
-2743
274
1876
-4062
2436
-241
-1907
396
4224
-2999
2051
4210
3656
-2172
3639
601
-3905
-4843
1491
-1800
-2013
2120
862
3238
-859
1885
-156
-1062
-1802
351
2709
-4924
4300
-1610
4241
158
3408
-47
-1448
-2847
-2491
-2267
-165
1057
-4669
832
-3550
3290
-2735
-4634
-2492
718
831
1775
2687
-3353
-4595
-4756
4688
-3844
3896
439
2066
3668
-3113
-1281
-3007
-4329
3786
400
-3141
717
3675
4530
2962
606
824
-1343
74
-2713
-938
-1272
356
1106
4340
555
-1874
2476
-2067
4996
-1044
3214
2064
4761
-3635
4385
-175
477
-986
3465
-3084
-3863
96
1603
-3918
-3350
-3963
1152
2116
-428
-2042
2050
1349
-3143
2574
-1612
-2002
1378
3901
3219
-256
-3955
-2938
-1229
4139
3592
3041
3801
4513
-4689
70
-2939
2611
-2954
4579
2042
1631
-2548
-3521
73
-2522
-1478
-2299
3354
4565
4005
2906
2669
1460
-3101
2398
-1457
-173
1295
1799
-1852
-337
-1792
3912
-4464
6
2054
-828
2951
2385
-2788
454
1561
-2176
4874
3442
-1995
709
-4001
-2681
-1394
-1305
-1887
524
-874
2471
1707
1222
-3523
-365
937
4987
-1523
-3228
-4289
-4216
1696
-2294
7
-617
2624
-4512
-3134
1364
4254
-4230
3985
4674
-2654
2645
1065
-867
-1970
-787
-3316
3627
4740
368
1943
-2849
-2528
-730
-2309
-3782
-252
-1311
3240
369
-3440
4159
2787
-1175
-4937
-948
-2554
1543
4403
-3613
-4302
-4351
4586
348
-2344
848
-3202
-540
1240
3452
4909
2648
-3041
-2924
-1447
-2197
1660
2397
2147
3030
-979
-2803
2561
1864
-4586
-4707
-4120
1195
2013
-2840
2096
-1287
-2505
1804
466
-2813
1565
-3815
-4950
-4063
404
-3073
-4002
-2940
-3565
-1749
3877
2468
-225
3961
-4870
730
3555
-476
-2655
2284
4276
-3094
-230
2410
3281
-4437
4266
-4397
-3024
590
4610
-3176
-3560
3378
1995
-3246
-3213
-1069
-4873
4133
-1519
3644
-4147
-3944
-4446
4656
83
-4259
-1997
-2092
-285
4930
-4174
4088
-3561
3273
-1782
342
-2194
-2675
-311
3346
1466
505
-2425
4718
-2097
-361
472
-3698
312
-1840
1522
-4565
-866
-4566
3730
-1342
790
-4416
-4875
2737
-2134
-1295
-1957
2847
-3171
-3729
1076
-2235
-1019
-1410
-4168
-408
4864
16
-4454
-4958
556
-3673
-4730
-545
695
3279
-1020
2715
-2268
-1469
-796
3772
-2652
4017
1662
-3749
-1921
3497
2460
-1386
1506
1512
-2367
-3376
-349
-3374
1462
29
3500
-2352
1469
-1132
-2209
-1477
-1110
-3688
1408
-1905
-4920
-1086
4869
609
-2510
-4040
-737
-638
3842
-4978
-1918
2180
4277
3420
1732
-1211
-4100
3596
4989
3144
1883
-792
2691
-3149
-4744
1714
-192
-1547
-443
1416
-4884
627
-2906
-1572
4515
929
-323
2026
-1858
-2030
-2618
-2184
-4379
3287
4033
2216
-2487
2959
2581
2305
-4670
-425
-1889
3197
4698
-2947
1542
4297
-2582
4307
4872
-2987
-4140
193
-1616
-3821
-4867
-3665
-3260
-1683
636
998
-1188
976
4262
3984
3870
3154
-744
1206
-919
3918
4291
2263
2758
-3664
3783
-673
2317
-3239
3958
2572
-3530
-1025
-4799
2570
4281
-85
-4037
-2867
1046
2331
2583
-227
-4307
-2261
3880
1303
1353
1896
-1544
460
-3641
-2545
-3258
-1397
2277
3433
4459
2727
1801
-586
785
-3429
2520
1621
-4879
-1742
-3888
-330
-4678
301
4368
3086
-2672
-345
-1246
-4626
2674
3430
3267
1693
280
-3932
-4211
-3843
61
-4141
2494
-612
-3037
314
-1370
-2208
2602
3070
-4903
-3321
1107
-4393
-3794
-3308
-962
-3854
4298
-4305
398
-1082
-4663
2929
701
-4219
4592
-4019
-706
2826
3825
1198
3554
-2943
3399
1351
1256
4566
2817
3764
2126
-4427
-386
-634
-1210
-1142
1258
-4563
-522
-1399
1895
-1139
2889
-49
3822
-3382
-1654
24
499
486
-2399
946
4985
1086
585
-4898
252
4135
-2346
1677
3790
1746
3748
-4866
3473
1321
3562
-1150
4249
3493
4542
4268
4578
1796
-3470
-4601
-1996
-894
-1220
2319
4173
4451
-1825
4292
-455
4319
-1318
4568
-1961
1605
-1770
-1924
-935
-811
-988
-1928
-87
2876
-1066
-2139
-3952
-142
-1984
4503
1169
-3093
1567
3129
3380
-2892
2201
-4144
953
-4252
-2765
48
-4366
2744
-4070
4215
-4235
-3219
690
2939
-2761
3570
-1288
4768
-1805
1015
-1199
386
-1364
1810
-3039
654
-2517
4436
-2068
220
-4527
3337
-2359
-1468
-3448
-756
3371
-574
4626
-533
-1396
2958
-3799
3148
-1371
-1790
4664
3077
-124
1712
-2738
1014
1904
2046
2588
-3031
-3943
-3306
-572
3203
-367
1828
-3110
-2098
-2799
-2072
1244
-4049
-1705
-2880
2808
4826
-645
4303
-1124
736
-3056
3332
1776
-253
4756
1213
-898
-1255
1974
-598
-1116
-1945
593
-4546
3638
2399
-4122
-2011
2306
139
-3671
-3446
-4612
412
2568
4480
1608
-910
-2091
-4372
2973
-3207
1558
-351
3743
159
-1347
-2278
2836
4069
1431
2062
4410
-2948
-942
-2376
2218
286
-346
-1539
228
-74
-3163
-2140
-4778
2215
-4388
-3551
-4429
-1763
3393
-695
-2573
834
429
1546
-4776
3345
409
667
-4959
1721
-3169
2794
-3156
945
2301
384
-2794
-917
-3478
-4301
-3519
-2934
-1259
-4304
4703
715
1101
1327
-2001
2963
-4199
3027
-658
-2101
-3144
-4151
682
747
-1712
-721
-580
-4374
1585
2591
4735
4913
10
3073
1984
-4567
3771
-2077
2320
-1909
625
819
4309
-854
2505
-3381
-818
-1715
1719
-2106
2007
-2745
-4440
-2590
-1661
-174
-4004
-2676
-2727
-4807
3646
2321
4757
-2516
4174
-4364
-463
-4119
-3762
-4461
-3191
-4642
-3576
3136
3746
4070
965
-2
-937
-651
-3683
-1585
-2843
-4890
-3469
1725
3177
-1615
-4977
4782
1329
3905
-4410
3521
1211
-3573
3980
537
-360
-1357
-1465
4780
-4802
-2210
2916
-4506
1227
-2859
-1390
-3925
-2767
-1580
-2131
-1013
-4430
3947
-116
3518
1502
2189
4988
-419
729
2656
1280
306
-2984
-1866
932
-2265
1826
-199
-3495
-4452
268
-4258
-3991
-3713
3468
-4463
-3506
-1562
-80
35
-3442
-491
-3720
3461
-2686
-1908
2491
-3781
-387
-3349
3252
-550
-3877
-3218
-2643
-1520
-2202
-4998
4966
613
2943
1699
1437
4239
-3372
-4187
1468
408
3561
2329
-1153
-4702
-1279
1751
3047
4038
3291
-3646
3597
1671
-3467
-293
3061
-4337
-283
-2757
4351
823
-2377
2451
152
-1839
1499
-1669
3818
-374
1463
-500
1210
3234
-1947
-3292
3785
-718
-2646
4064
2380
4328
4865
-2454
1281
1963
4526
-3868
-3014
3789
-2909
-2920
-1540
-4593
4818
987
-4804
-4321
-1992
1286
3769
-1108
3752
-7
2346
-4458
-1646
2368
-1031
2512
407
-5
2235
4179
-1423
-1366
3188
944
-4295
-1336
-1859
-1042
-4081
-2627
-4071
1910
-2178
3839
5
-4738
1100
3223
763
-4517
-1584
4641
-1563
-1209
-3332
2784
-2133
4820
2680
3572
4123
4339
-4608
-561
-4470
-700
3342
-1613
1663
-2398
4271
-110
2323
3496
3401
-2088
4208
-2078
-1846
-3509
2894
-640
-1442
-1145
-2902
-3751
4969
-208
-1130
-3183
-4695
656
1653
3810
4774
3672
-1634
-3061
367
1091
76
417
3406
-382
815
-4162
940
-2932
-1538
441
-716
-1449
657
963
2801
-273
-4423
248
-376
2203
2720
4164
3698
-1446
-3181
-766
-4602
1978
2161
-154
3995
126
-3792
3650
3718
-4238
2447
-3436
2276
3654
806
4784
1879
-2386
4560
-2776
-2419
543
-284
4290
-3127
-131
2839
-3777
2452
4143
-279
-3095
1010
336
3838
-4169
4217
4061
-1221
-3824
-3839
2878
381
-333
3153
-403
-4735
3529
3410
3414
-4957
-779
2219
3741
-204
-1068
-111
3996
465
-4592
2238
-1264
-2349
4486
51
3837
3524
1676
-1151
4653
2012
-2830
-66
3515
2168
2442
-1496
1630
-4694
1208
214
-1975
1798
-3274
4427
-1869
-3785
-1105
-1385
-856
-1867
4496
-3541
2752
-4699
2325
-639
4236
-1098
2697
4437
4058
-2288
1285
-2480
-3542
3015
4666
-1753
418
4346
3987
1980
4755
-1035
-3464
-2017
-4750
-4245
1162
-3167
-3355
2273
4209
2498
-1326
3931
3855
309
4405
566
-683
3262
-1703
1404
-1726
3008
-920
3976
3755
3289
4898
33
1515
-2660
2234
3405
1109
1192
2653
-3059
-3397
2629
4583
-591
3347
3158
-4688
1273
658
871
2927
-1724
3396
4441
-4411
644
2844
982
-795
896
2909
1164
1277
2919
-4297
2776
-4700
1584
2014
-3384
4777
-2963
-2624
-1727
-924
3193
3381
-4077
1718
2681
697
2671
-4395
3620
3878
-1350
-768
-1286
-2850
1092
-2980
-2559
1757
-3793
258
-4589
-2836
2151
-3906
-971
346
4836
-3852
-51
-1235
-2158
4354
4433
1001
-1558
-4769
-3624
4367
3692
3178
-1937
-4894
-196
649
-8
-529
-1589
-1965
-3820
3121
-3036
-2475
113
4815
-940
3425
4376
107
2155
-4716
3436
3564
18
-4268
1797
-3086
-3619
-37
4684
952
4190
-2763
-815
2490
1709
-1794
4325
-3710
-2625
-42
830
-3371
-3887
4860
2207
-2503
299
3315
3665
-3912
-1958
624
4478
-3500
1187
3538
-3043
1806
-2846
-1297
-1941
-3033
4136
-2829
-2905
2978
-1038
1201
67
4196
2328
-3454
-4823
4364
4501
4678
-2394
-2651
3946
-1431
2148
573
2913
-3621
-4345
672
-521
3274
-3206
550
3305
4843
919
-4036
323
-3979
759
388
3055
1371
-24
2643
-3980
-2873
-226
4199
1878
-2473
734
-3472
1929
-4029
-3200
3459
-3205
-3295
-119
77
3599
1528
3586
1150
2533
3415
4269
1323
1644
2566
-2060
-3418
-1765
1136
-3439
32
4079
235
-4101
-4827
-950
-3325
-3396
1275
2549
-2388
-2080
3005
-2421
-3491
-2756
3854
-3949
397
-1093
-1709
-1458
2941
-1373
-1581
-505
4835
1028
1772
-4685
-807
646
-2153
-3078
3464
-1561
-2065
-1202
-2900
3669
4922
4401
-1719
-1106
3664
2657
-1734
1265
1825
-4813
-4845
-3848
1847
2330
-4498
-2930
4917
1324
-753
-1268
1822
-915
-320
-2739
4828
-3287
1401
-2966
-905
-2411
-2021
3169
3395
1235
-1081
4390
-2007
-1190
-1466
4742
3612
-2749
4425
-3410
-4333
-2450
4111
3981
-2417
-3020
-2708
1253
3662
446
4665
4259
3829
1386
1619
-4568
-4683
-2165
1042
2466
527
2651
-4061
1998
-368
-909
2532
1085
1639
-190
-1339
2841
-3890
-4837
4222
-3076
-2787
-3013
-3999
4154
-1508
-4564
-3676
-3079
4891
4295
-314
-1599
-1912
-356
236
4001
3167
-4053
2569
1701
-4272
-961
-145
2381
-3473
2882
3328
1979
-1785
1259
3275
-1167
-532
-2026
-3867
-4945
-187
3969
-1194
3277
4218
3636
2192
-1635
-746
-4496
4685
1012
-2975
4550
42
-4166
1126
-729
-3849
-1836
2256
-4484
3266
1417
2851
-965
-430
3068
1279
-1492
-3317
-4201
863
234
-2128
-709
-3920
1726
-2841
2964
2930
2425
-2566
1233
-1075
3040
-168
3447
-2547
4973
-1223
576
4720
-3385
-2714
2872
-2003
-826
-1678
-1925
1405
-2872
634
3455
-4092
4432
3318
-1655
-1733
401
4476
-2810
-1656
2280
-3121
4279
-4500
-3917
-4780
1461
-806
1673
2488
184
1945
-2008
-749
4608
3957
-2137
2845
2544
2834
1430
2467
-3697
-340
1037
-3692
-4069
-923
4207
2483
450
-1696
4710
-3080
-4982
-1600
2388
-3760
-755
4454
-3507
-2704
3943
-3634
-3847
-2782
2631
-1744
-868
2699
-2796
1478
3902
-4690
-3954
-1775
-1125
-1314
3531
1131
3505
-4658
21
-3326
2072
-4274
-2998
-3501
4103
3939
-3938
-3244
-3357
2106
534
-3913
-4850
3862
914
-54
743
-4710
3034
3868
918
-1617
2684
335
1538
-2889
4573
4796
4112
4045
4861
-2986
3349
-3538
-2875
-3105
-3021
-4313
1722
272
-2213
-4271
4221
4039
-3132
2048
686
3161
-2143
1794
4701
420
-2720
1931
2665
4475
-644
-4153
2423
-2357
-3967
-1186
-426
-3137
979
2206
-4672
1446
3899
-1191
-1006
1681
2936
-2645
1121
1346
-2964
-3699
121
-833
3319
423
1941
-4902
-359
-3800
910
4769
-594
2677
911
4921
2523
-2864
-1862
-2571
2430
1852
4968
-1722
-875
-2961
-4368
2083
2389
727
1311
3304
3927
4023
-2526
-3004
589
1062
805
1842
116
4124
1030
3385
2409
-4298
-3831
4416
-161
-240
4538
-4913
1361
2027
2499
4302
4928
4951
1927
3919
-1484
-2482
4875
-224
-1265
-2168
-4703
-4742
4141
3368
-4278
3670
1734
-1917
-4912
-1296
-90
1116
1127
3731
-2453
-1368
-3032
3974
595
1730
-541
-1816
-943
-3728
2355
2080
2682
-555
1341
-4483
-517
2678
-4499
3288
2968
-2918
960
3402
2587
-1344
872
-2108
2142
2236
1340
2244
-1455
-2345
376
-889
-1878
1894
-3231
-955
631
996
3033
691
2948
-4994
4949
4787
-1118
2289
-4953
-1040
3765
703
-740
-1541
-2340
-136
382
-588
3575
4622
2868
-1953
-3288
1572
4157
4242
-2147
-674
-1104
170
1913
2622
149
1932
4754
-4172
2024
-3914
3506
3869
194
1119
4778
-2107
3863
4535
-4815
1419
3720
-2317
3056
4444
-3259
1665
-2540
-2410
-773
-4209
-4516
-2485
4528
-4148
-4453
72
-4419
-3623
-4336
-3659
749
-2917
2176
-77
-3356
4783
1645
-518
3028
-2896
487
4804
-4580
4461
507
-4988
-2595
1753
1084
2782
3460
4832
4840
-2039
